sequential/simple_rnn/kernel:0
(1, 60)
[[ 0.168203   -0.17496324  0.23591903 -0.26311952  0.19306211  0.28505132
  -0.01142381  0.26947927  0.09867501 -0.25482008 -0.06779202  0.06123414
  -0.24672632 -0.25546798  0.23216756  0.27133626 -0.14223069 -0.00201246
   0.153273    0.22746137  0.21603702 -0.13674714  0.19832323  0.01083769
   0.08302418 -0.1260693   0.25301158  0.01360312 -0.20542826  0.05001151
   0.2361139   0.0473406  -0.10657509 -0.24580175 -0.18658024 -0.07435294
  -0.0313757   0.09770405 -0.01088749  0.02999348  0.20575552 -0.07180873
  -0.2647985   0.1953954   0.05516896 -0.18697499 -0.15340117  0.17270404
   0.01832088  0.02081883 -0.20225364  0.12326996 -0.17876914 -0.09636309
   0.28243962 -0.2285761  -0.295286    0.23766628  0.04110465 -0.08878055]]
sequential/simple_rnn/recurrent_kernel:0
(60, 60)
[[-0.26370493 -0.158895   -0.02311164 ...  0.05036173 -0.04746449
  -0.1549992 ]
 [ 0.16004354 -0.13298553  0.06475462 ...  0.19854914 -0.14011283
  -0.0640956 ]
 [ 0.28610584  0.19364314  0.13628082 ... -0.00847216  0.12515332
  -0.08111653]
 ...
 [ 0.09794343  0.11216883  0.00905783 ...  0.05411962  0.03760418
   0.08858607]
 [ 0.04776305 -0.21988986  0.39403188 ... -0.02318903  0.26821426
   0.18356602]
 [ 0.10193026 -0.07227192 -0.00712703 ...  0.08996093 -0.06758066
   0.16217881]]
sequential/simple_rnn/bias:0
(60,)
[-0.01019193 -0.00175997 -0.00117703  0.00424528  0.00025417  0.00317589
 -0.00117682 -0.00525637 -0.00102722 -0.00198457 -0.00604182 -0.00014426
  0.0026857   0.00249981 -0.0039538  -0.00395471  0.00398008  0.00735824
 -0.00154206  0.00247206 -0.00064715 -0.00603204 -0.00176694  0.00260544
  0.00062421  0.00500252 -0.01358005  0.00152104 -0.00214143 -0.00245139
 -0.00147036  0.00799683  0.00756191  0.00974871  0.00517606  0.00498524
  0.00597174 -0.0053382  -0.00081864  0.00092738 -0.01054331  0.01075737
  0.00240932 -0.00515581 -0.00523914  0.0078567   0.00412166 -0.00122169
 -0.00624258 -0.00521497  0.01500035 -0.00020422  0.01236194  0.00018707
 -0.00375915  0.00181627  0.00338517 -0.00721264 -0.00382062 -0.00644508]
sequential/simple_rnn_1/kernel:0
(60, 60)
[[-0.11340004 -0.08616782 -0.00999051 ...  0.1402134  -0.05893436
   0.11898601]
 [-0.11718288  0.10318447 -0.09952471 ... -0.06970918  0.09145357
  -0.01479499]
 [-0.14738972 -0.0058248   0.04225649 ... -0.166822    0.21643697
  -0.14862786]
 ...
 [ 0.15267946 -0.12050571 -0.1932809  ...  0.07941724  0.09572783
  -0.13139577]
 [-0.04052603 -0.13407506 -0.11493758 ... -0.1570438   0.03238466
  -0.02833458]
 [ 0.08512857 -0.02202155 -0.20645674 ... -0.08393288  0.09902037
  -0.02013732]]
sequential/simple_rnn_1/recurrent_kernel:0
(60, 60)
[[-0.1667958  -0.08608078  0.15723778 ... -0.17306112  0.0171442
  -0.02655864]
 [ 0.07551011  0.11546499  0.08701091 ...  0.12572132  0.20882483
   0.04992706]
 [ 0.00337177 -0.0704103  -0.02876392 ...  0.17083597  0.1368914
  -0.0292118 ]
 ...
 [-0.07362908  0.01899473  0.05546404 ... -0.14229785  0.24980257
  -0.16073647]
 [-0.03189077 -0.02829582 -0.20929587 ...  0.03593841  0.0694044
   0.06123656]
 [ 0.02584367 -0.2540373  -0.00605264 ...  0.04517931 -0.17657769
   0.24938224]]
sequential/simple_rnn_1/bias:0
(60,)
[-0.00532713  0.0156204  -0.01103068 -0.00228325  0.00113457  0.0056425
 -0.00451087 -0.00557064 -0.00252489 -0.00183137 -0.00404974  0.00325418
  0.00875368 -0.01267234 -0.00285242 -0.00135641  0.00174989 -0.01926856
 -0.00449844 -0.00577856  0.00562017 -0.00137598 -0.00937776  0.00083004
  0.00039432 -0.00468967 -0.00299508 -0.00723119  0.00025619  0.00392545
 -0.00745404  0.00745621 -0.00363574  0.00245277  0.01160626 -0.00722727
  0.00360862 -0.00730495  0.00327765 -0.00830132  0.0008099   0.00129176
  0.00213895  0.0078742  -0.02235808  0.00047554  0.00032558  0.0030312
 -0.00230669  0.00389518  0.0039687  -0.00234374 -0.00277284  0.00267714
 -0.00102995 -0.01221321 -0.00330712  0.00985715  0.0017162   0.00127962]
sequential/dense/kernel:0
(60, 1)
[[-0.22704428]
 [ 0.15189308]
 [-0.20219965]
 [-0.05466549]
 [-0.12787662]
 [ 0.04205306]
 [-0.17782381]
 [-0.27738634]
 [-0.10654306]
 [-0.1297029 ]
 [-0.1678615 ]
 [ 0.06275626]
 [ 0.11558397]
 [-0.1204376 ]
 [ 0.01685493]
 [-0.14970058]
 [ 0.18672091]
 [-0.26006472]
 [-0.19883259]
 [-0.277324  ]
 [ 0.199233  ]
 [-0.19697571]
 [-0.18063286]
 [ 0.21033612]
 [ 0.07675073]
 [ 0.20391443]
 [ 0.24963489]
 [-0.19937839]
 [ 0.21954742]
 [ 0.24459523]
 [-0.23651607]
 [ 0.17791547]
 [ 0.06258197]
 [ 0.22463478]
 [ 0.25890052]
 [ 0.15589496]
 [-0.21417369]
 [ 0.03404433]
 [ 0.18293366]
 [ 0.29707307]
 [ 0.13132435]
 [ 0.23193924]
 [-0.2332359 ]
 [-0.10906894]
 [-0.21540534]
 [-0.27252224]
 [ 0.10275763]
 [-0.03654201]
 [ 0.11051796]
 [-0.21258147]
 [ 0.19906616]
 [ 0.12757945]
 [-0.24240158]
 [ 0.16642071]
 [ 0.22691114]
 [-0.04577926]
 [-0.23842199]
 [ 0.02728849]
 [ 0.02581805]
 [ 0.21985382]]
sequential/dense/bias:0
(1,)
[0.00957636]
